   19  102  340  326  342   38  112   81  209  329
   29  158   97  239    2  393  127  287  218  333
  180   69   57  251  283  304  119  278  271  372
   48  164  284  128  395  214  143  135  296  176
  111  308  396   34  116  213  280   14  222  257
  351    9  144  261  157  355  240  272  161  383
  357  131  137  249   62  292  194   66  255    5
  353  154  275  349  358  300  217  311  346  262
  162  291  267  189  330    7  399  220  147   30
  201  108  225  152   50  190  253   32  321   73
  319  243    1   64   59  268  390  312  148  140
  363  338   77   41  211   36   17   98  206  375
  265   20   45  226  324   52  170  233  132  114
   55   78   91   27   71   83  334  151  369  105
   12   61  299   88  385  106  139  202  235  247
  123  277  381  371  379   24  345   42  245  121
  317  376  196  322  231  175  192  307   23  182
  388   74  124   92   85  204  303   47  168  360
   94  294  387  101  289  173  259  184  166  236
  366  228  179   87  365  336  199   11  315  186
