    0.3350     1.649     2.027   3.76300       4.4
      5.21
     6.429       7.9     8.135     9.022  10.16700     11.01  12.37300  13.78400   14.3240      15.4     16.98
   17.8620     18.28      19.1     20.50  21.31300  22.89500      23.8  24.36400      25.1
     26.18
  27.40300  28.39900
      29.7
  30.01200     31.09      32.6   33.4670    34.902    35.652
     36.28     37.87  38.61900
  39.03100    40.771      41.7    42.856   43.5860     44.68  45.52800    46.829  47.27000
   48.7150
  49.79600   50.2450     51.92  52.48800
   53.8410   54.5000  55.12400    56.856     57.23  58.93600
     59.44
      60.4     61.86  62.23700   63.8180
   64.0110
  65.77600
   66.7630   67.6060
  68.81800
   69.3690    70.996
   71.4700      72.5
      73.6      74.1     75.67    76.464    77.355
   78.6110   79.2990     80.57
    81.311      82.8      83.9      84.7
     85.52   86.4160   87.9240    88.624
     89.45  90.55000
     91.97     92.93  93.66000  94.98100     95.96   96.6680      97.9  98.34000  99.37600    100.11    101.18   102.412
   103.659    104.21   105.206  106.3720     107.8    108.90    109.94     110.2     112.0     112.2  113.39600     114.1
   115.672     116.4  117.64000  118.7130     119.5  120.58100    121.73  122.00400  123.27300
     124.3
   125.579
  126.2050   127.504    128.75  129.94400   130.506
    131.84
  132.1890
  133.9580    134.81  135.3030  136.6480  137.56700  138.5290
    139.79  140.99000  141.3630  142.8920     143.2
     144.2  145.43600
  146.92100
  147.02800     148.7
   149.794  150.04300   151.428     152.7  153.1590     154.1   155.215  156.62900  157.28500  158.3350     159.2  160.28900  161.2920  162.1440     163.7
    164.57   165.261     166.1    167.08     168.4
   169.677     170.6
   171.614
     172.4
    173.10    174.99
   175.578    176.29     177.1
    178.59   179.312  180.35500
     181.4     183.0  183.35500     184.4  185.3380     186.3
   187.606
  188.23700  189.21700     190.8  191.8730  192.48300  193.7570    194.73
  195.61800     196.4  197.1570  198.3580  199.41700
